   8
    1   0.00
    3   0.01
    7   5.50
    5   6.50
    4   7.50
    2   8.50
    8  11.00
    6  12.00
   8
    5   0.00
    7   0.01
    3   4.50
    1   4.50
    6   7.00
    8   7.00
    4  10.00
    2  10.50
   8
    3   0.00
    1   1.50
    7   6.50
    5   7.50
    4   8.50
    2   9.50
    8  12.50
    6  13.00
   8
    5   0.00
    7   0.50
    1   6.00
    3   6.50
    8   7.50
    6   8.00
    2  11.50
    4  11.50
   8
    3   0.00
    1   0.50
    7   5.00
    5   6.00
    4   7.00
    2   8.50
    8  10.50
    6  11.50
   8
    3   0.00
    1   1.50
    7   5.50
    5   6.50
    4   7.00
    2   9.00
    8  11.00
    6  12.00
   8
    1   0.00
    3   0.01
    7   5.50
    5   6.00
    4   7.50
    2   8.50
    8  11.00
    6  12.00
   8
    3   0.00
    1   2.00
    7   6.00
    4   7.50
    5   7.50
    2  10.00
    8  12.00
    6  13.50
   8
    5   0.00
    7   1.00
    1   6.50
    3   7.00
    6   8.50
    8   8.50
    4  12.00
    2  12.50
   8
    5   0.00
    7   1.00
    3   7.00
    1   7.00
    8   8.00
    6   8.50
    4  12.00
    2  12.50
   8
    3   0.00
    1   2.00
    7   6.50
    5   7.50
    4   8.00
    2  10.00
    8  12.00
    6  13.50
   8
    7   0.00
    5   0.50
    3   5.00
    1   5.00
    8   7.50
    6   8.00
    4  10.00
    2  10.50
   8
    3   0.00
    1   2.00
    7   6.00
    4   7.50
    5   7.50
    2   9.50
    8  11.50
    6  13.00
   8
    7   0.00
    5   0.50
    3   5.50
    1   6.00
    6   7.50
    8   8.00
    4  11.00
    2  11.50
   8
    7   0.00
    5   0.50
    3   3.50
    1   3.50
    8   7.00
    6   8.00
    4   9.00
    2  10.00
   8
    5   0.00
    7   0.50
    3   5.50
    1   5.50
    8   8.00
    6   8.50
    4  11.00
    2  11.50
   8
    3   0.00
    1   2.00
    7   6.50
    4   7.50
    5   8.00
    2  10.00
    8  12.00
    6  13.50
   8
    3   0.00
    1   0.50
    7   4.00
    5   5.00
    4   7.00
    2   8.50
    8  10.00
    6  11.00
   8
    5   0.00
    7   0.50
    3   6.50
    1   6.50
    8   8.00
    6   8.50
    4  11.50
    2  12.00
   8
    3   0.00
    1   1.50
    7   6.00
    5   7.00
    4   7.50
    2   9.00
    8  11.50
    6  12.50
   8
    5   0.00
    7   0.50
    3   6.00
    1   6.00
    6   8.00
    8   8.00
    4  11.50
    2  12.00
   8
    5   0.00
    7   0.01
    3   4.00
    1   4.00
    8   7.00
    6   7.50
    2  10.00
    4  10.00
   8
    1   0.00
    3   0.01
    4   3.50
    7   6.00
    5   6.50
    2   8.00
    8  11.50
    6  12.00
   8
    1   0.00
    3   0.01
    7   6.00
    5   6.50
    4   7.50
    2   8.00
    8  11.50
    6  12.00
   8
    3   0.00
    1   0.50
    7   4.50
    5   5.00
    4   7.50
    2   8.50
    8  10.50
    6  11.50
   8
    3   0.00
    1   2.50
    7   6.00
    5   6.50
    4   9.50
    2  10.00
    8  13.00
    6  14.00
